 
 58.0625 273817 
 58.078125 273623 
 58.109375 273431 
 58.140625 273240 
 58.171875 273052 
 58.203125 272865 
 58.234375 272680 
 58.265625 272496 
 58.296875 272313 
 58.328125 272131 
 58.359375 271950 
 58.390625 271770 
 58.421875 271590 
 58.453125 271410 
 58.484375 271230 
 58.515625 271050 
 58.546875 270872 
 58.578125 270695 
 58.609375 270519 
 58.65625 270344 
 58.6875 270170 
 58.71875 269998 
 58.75 269826 
 58.78125 269655 
 58.8125 269484 
 58.859375 269314 
 58.890625 269145 
 58.921875 268977 
 58.953125 268813 
 58.984375 268650 
 59.015625 268487 
 59.0625 268324 
 59.09375 268162 
 59.125 268002 
 59.15625 267842 
 59.203125 267682 
 59.234375 267522 
 59.265625 267363 
 59.296875 267206 
 59.328125 267050 
 59.375 266894 
 59.40625 266738 
 59.4375 266582 
 59.46875 266427 
 59.515625 266273 
 59.546875 266120 
 59.578125 265967 
 59.625 265814 
 59.65625 265661 
 59.6875 265508 
 59.734375 265356 
 59.765625 265206 
 59.796875 265056 
 59.84375 264908 
 59.875 264762 
 59.90625 264617 
 59.953125 264475 
 59.984375 264337 
 60.03125 264201 
 60.0625 264065 
 60.09375 263929 
 60.140625 263794 
 60.171875 263662 
 60.21875 263530 
 60.25 263400 
 60.296875 263270 
 60.328125 263141 
 60.375 263012 
 60.40625 262884 
 60.4375 262758 
 60.484375 262633 
 60.515625 262509 
 60.5625 262386 
 60.59375 262266 
 60.640625 262146 
 60.671875 262027 
 60.71875 261909 
 60.75 261792 
 60.796875 261676 
 60.828125 261565 
 60.875 261458 
 60.921875 261352 
 60.953125 261248 
 61.0 261144 
 61.03125 261043 
 61.078125 260942 
 61.109375 260842 
 61.15625 260743 
 61.203125 260644 
 61.234375 260546 
 61.28125 260448 
 61.328125 260351 
 61.359375 260255 
 61.40625 260159 
 61.453125 260066 
 61.484375 259974 
 61.53125 259883 
 61.578125 259796 
 61.609375 259713 
 61.65625 259631 
 61.703125 259553 
 61.734375 259479 
 61.78125 259407 
 61.828125 259336 
 61.875 259270 
 61.90625 259207 
 61.953125 259125 
 62.0 259058 
 62.03125 258997 
 62.078125 258904 
 62.125 258844 
 62.171875 258757 
 62.21875 258687 
 62.25 258625 
 62.296875 258569 
 62.34375 258519 
 62.390625 258457 
 62.4375 258400 
 62.46875 258350 
 62.515625 258315 
 62.5625 258282 
 62.609375 258229 
 62.65625 258188 
 62.703125 258153 
 62.75 258086 
 62.796875 25805658.0625 