 
 1.0625 1.0625  
 0.9375 0.9375  
 1.140625 273817 
 1.671875 273623 
 2.1875 273431 
 2.703125 273240 
 3.21875 273052 
 3.734375 272865 
 4.25 272680 
 4.765625 272496 
 5.296875 272313 
 5.828125 272131 
 6.34375 271950 
 6.875 271770 
 7.40625 271590 
 7.9375 271410 
 8.46875 271230 
 9.0 271050 
 9.53125 270872 
 10.0625 270695 
 10.578125 270519 
 11.109375 270344 
 11.640625 270170 
 12.1875 269998 
 12.71875 269826 
 13.25 269655 
 13.765625 269484 
 14.328125 269314 
 14.859375 269145 
 15.390625 268977 
 15.90625 268813 
 16.4375 268650 
 16.984375 268487 
 17.53125 268324 
 18.0625 268162 
 18.59375 268002 
 19.109375 267842 
 19.640625 267682 
 20.15625 267522 
 20.6875 267363 
 21.203125 267206 
 21.734375 267050 
 22.25 266894 
 22.78125 266738 
 23.3125 266582 
 23.828125 266427 
 24.34375 266273 
 24.859375 266120 
 25.359375 265967 
 26.078125 265814 
 26.59375 265661 
 27.109375 265508 
 27.625 265356 
 28.125 265206 
 28.640625 265056 
 29.140625 264908 
 29.640625 264762 
 30.140625 264617 
 30.640625 264475 
 31.140625 264337 
 31.640625 264201 
 32.140625 264065 
 32.625 263929 
 33.125 263794 
 33.609375 263662 
 34.09375 263530 
 34.5625 263400 
 35.046875 263270 
 35.515625 263141 
 35.984375 263012 
 36.453125 262884 
 36.921875 262758 
 37.390625 262633 
 37.859375 262509 
 38.328125 262386 
 38.78125 262266 
 39.25 262146 
 39.6875 262027 
 40.140625 261909 
 40.578125 261792 
 41.015625 261676 
 41.46875 261565 
 41.90625 261458 
 42.34375 261352 
 42.78125 261248 
 43.234375 261144 
 43.6875 261043 
 44.109375 260942 
 44.53125 260842 
 44.953125 260743 
 45.375 260644 
 45.796875 260546 
 46.203125 260448 
 46.609375 260351 
 47.0 260255 
 47.390625 260159 
 47.78125 260066 
 48.15625 259974 
 48.53125 259883 
 48.890625 259796 
 49.265625 259713 
 49.609375 259631 
 49.96875 259553 
 50.328125 259479 
 50.671875 259407 
 51.015625 259336 
 51.359375 259270 
 51.703125 259207 
 52.046875 259125 
 52.375 259058 
 52.71875 258997 
 53.03125 258904 
 53.34375 258844 
 53.671875 258757 
 53.96875 258687 
 54.296875 258625 
 54.59375 258569 
 54.890625 258519 
 55.171875 258457 
 55.46875 258400 
 55.84375 258350 
 56.125 258315 
 56.40625 258282 
 56.6875 258229 
 56.96875 258188 
 57.25 258153 
 57.53125 258086 
 57.796875 2580561.140625  
 1.15625 417558 
 1.703125 415629 
 2.234375 413718 
 2.765625 411811 
 3.328125 409906 
 3.875 4080271.15625 